00000000
00000000
00000000
00000000
00000000
00000000
00000000
00000000
00000000
00000000
00000000
00000000
00000000
00000000
00000000
00000000
00000000
00000000
00000000
00000000
00000000
0000002b
675c3a25
25252522
06000000
00000012
2b35616a
7473677f
2b000000
00000000
00000102
04042273
09000000
00000000
00000000
00067240
00000000
00000000
00000000
00367408
00000000
00000000
00000000
046c2500
00000000
00000000
00000000
416f0500
00000000
00000000
0000002a
77250000
00000000
00000000
00000564
48000000
00000000
00000000
0000417f
10000000
00000000
00000000
00077676
0d000000
00000000
00000000
00032d11
00000000
00000000
00000000
00000000
0412ece3
0e416ce2
007f0208
ea211aef
00000000
00000000
00000000
00000000
00000000
00000000
00000000
00000000
00000000
00000000
00000000
00000000
00000000
00000000
00000000
00000000
00000000
00000000
00000000
00000000
00000000
00000000
00000000
00000000
00000000
00000000
00000000
00000000
00000000
00000000
00000000
00000000
00000000
00000000
00000000
00000000
00000000
00000000
00000000
00000000
00000000
00000000
00000000
00000000
00000000
00000000
00000000
00000000
00000000
00000000
00000000
00000000
00000000

