// memory data file (do not edit the following line - required for mem load use)
// instance=/TB/cv/L2_OFMs[3]/l2_ofm/ofm
// format=hex addressradix=h dataradix=h version=1.0 wordsperline=1 noaddress
05050606
06060505
05050505
05060606
06050505
04050505
06060606
05050404
04040505
06060505
03030304
04050506
06050303
03040405
05050605
04040304
04040505
05050404
04040404
04040404
04040404
04040404
04040404
04040404
04040404
00000000
00000000
00000000
00000000
00000000
00000000
00000000
00000000
00000000
00000000
00000000
00000000
00000000
00000000
00000000
00000000
00000000
00000000
00000000
00000000
00000000
00000000
00000000
00000000
00000000
00000000
00000000
00000000
00000000
00000000
00000000
00000000
00000000
00000000
00000000
00000000
00000000
00000000
00000000
00000000
00000000
00000000
00000000
00000000
00000000
00000000
00000000
00000000
00000000
00000000
00000000
00000000
00000000
00000000
00000000
00000000
00000000
00000000
00000000
00000000
00000000
00000000
00000000
00000000
00000000
00000000
00000000
00000000
00000000
00000000
00000000
00000000
00000000
00000000
00000000
00000000
00000000
00000000
00000000
00000000
00000000
00000000
00000000
00000000
00000000
00000000
00000000
00000000
00000000
00000000
00000000
00000000
00000000
00000000
00000000
00000000
00000000
00000000
00000000
00000000
00000000
00000000
00000000
