// memory data file (do not edit the following line - required for mem load use)
// instance=/TB/cv/L2_OFMs[1]/l2_ofm/ofm
// format=hex addressradix=h dataradix=h version=1.0 wordsperline=1 noaddress
06060707
07070606
05060606
07070707
07060605
05050506
07070707
06060404
04050607
07070606
04040405
05060707
07060404
04050505
06060606
04040405
05050506
06050505
05050505
05050505
05050505
05050405
05040505
05050505
05050504
00000000
00000000
00000000
00000000
00000000
00000000
00000000
00000000
00000000
00000000
00000000
00000000
00000000
00000000
00000000
00000000
00000000
00000000
00000000
00000000
00000000
00000000
00000000
00000000
00000000
00000000
00000000
00000000
00000000
00000000
00000000
00000000
00000000
00000000
00000000
00000000
00000000
00000000
00000000
00000000
00000000
00000000
00000000
00000000
00000000
00000000
00000000
00000000
00000000
00000000
00000000
00000000
00000000
00000000
00000000
00000000
00000000
00000000
00000000
00000000
00000000
00000000
00000000
00000000
00000000
00000000
00000000
00000000
00000000
00000000
00000000
00000000
00000000
00000000
00000000
00000000
00000000
00000000
00000000
00000000
00000000
00000000
00000000
00000000
00000000
00000000
00000000
00000000
00000000
00000000
00000000
00000000
00000000
00000000
00000000
00000000
00000000
00000000
00000000
00000000
00000000
00000000
00000000
